2445.39 399.68 881.51
7.00 5.00 7.00
3.00 0.00 2.00
0.00 0.00 -11.00
5.00 6.00 4.00
3.00 3.00 8.00
6.00 2.00 4.00
5.00 2.00 6.00
1.00 5.00 1.00
3.00 4.00 3.00
0.00 6.00 3.00
3.00 4.00 1.00
5.00 3.00 4.00
8.00 5.00 -11.00
6.00 2.00 0.00
6.00 5.00 2.00
4.00 6.00 0.00
6.00 1.00 8.00
1.00 5.00 3.00
3.00 3.00 2.00
1.00 4.00 8.00
6.00 3.00 0.00
7.00 2.00 6.00
3.00 5.00 0.00
6.00 1.00 8.00
8.00 3.00 9.00
9.00 0.00 2.00
6.00 5.00 5.00
6.00 2.00 3.00
7.00 1.00 9.00
3.00 2.00 9.00
7.00 0.00 5.00
7.00 4.00 7.00
3.00 9.00 9.00
4.00 8.00 9.00
6.00 5.00 2.00
8.00 5.00 9.00
7.00 7.00 3.00
3.00 4.00 3.00
5.00 0.00 0.00
9.00 5.00 1.00
9.00 2.00 8.00
0.00 9.00 1.00
8.00 0.00 1.00
5.00 5.00 2.00
7.00 4.00 2.00
0.00 1.00 2.00
6.00 3.00 5.00
7.00 6.00 7.00
1.00 1.00 -29.00
3.00 3.00 3.00
1.00 0.00 -15.00
496.37 0.00 -9.00
2.00 11.00 -8.00
8.00 4.00 49.00
1.00 1.00 1036.02
0.00 9.00 5.00
0.00 3.00 3.00
0.00 4.00 4.00
0.00 2.00 1.00
5.00 5.00 8.00
1.00 8.00 5.00
9.00 0.00 1.00
6.00 4.00 2.00
0.00 4.00 2.00
7.00 3.00 9.00
1.00 5.00 9.00
3.00 0.00 9.00
0.00 0.00 14.54
5.16 7.00 6.00
3.00 6.00 1.00
0.00 9.00 7.00
5.00 4.00 264.89
4.00 1.00 3.32
4.00 6.00 2.00
5.00 1.00 3.00
8.00 7.00 0.00
5.00 5.00 252.70
2.00 7.00 9.00
1.00 7.00 5.00
2.00 5.00 7.00
0.00 0.00 45.24
7.44 0.00 0.00
1.00 6.00 7.00
0.00 5.00 8.00
24.00 21.00 1.00
3.00 4.00 1373.37
449.72 0.00 3.00
-0.67 -0.80 -0.80
-0.80 0.00 603.45
0.00 0.00 446.14
156.65 -4.92 1068.48
2302.34 503.41 3.00
57.00 1164.15 2.00
185.04 1772.38 24.86
2113.11 1815.37 2199.33
