-2695.72 -2704.10 -2608.81
-2724.59 -2732.65 -2734.59
-2734.62 -2736.98 -2489.61
-2745.23 -2751.92 -2669.54
-2666.19 -2669.81 -2596.64
-2640.85 -2683.96 -2706.66
-2719.60 -2729.53 -2717.35
-2721.11 -2729.67 -2565.30
-2599.22 -2615.63 -2230.78
-2624.99 -2596.47 -2624.43
-2635.26 -2635.52 -2394.39
-2632.00 -2632.15 -2223.96
-2268.41 -2275.47 -2168.03
-1939.43 -2292.34 -2329.56
-2273.92 -2195.92 -2345.93
-2303.69 -2307.58 -2349.29
-2290.70 -2722.12 -2297.81
-2274.27 -2355.43 -2380.81
-2289.63 -2200.25 -2004.76
-2336.79 -2223.03 -2235.59
-2205.49 -2151.53 -2241.87
-2428.96 -2307.57 -2649.12
-1982.01 -2117.15 -2220.19
-2143.96 -2141.02 -2100.27
-2161.32 -2131.63 -2078.80
-2134.21 -2005.29 -2137.19
-2136.32 -2104.78 -2393.12
-2050.83 -2050.63 -2114.58
-1894.49 -1871.30 -2310.34
-1890.43 -2274.46 -2019.69
-2223.51 -1909.72 -1912.16
-1908.71 -1911.60 -1793.46
-1877.19 -1876.76 -1954.78
-1854.56 -1892.37 -2293.96
-1895.49 -1885.41 -1793.62
-1883.01 -1879.00 -1953.44
-1692.10 -1790.84 -2035.82
-2064.22 -2185.91 -1936.80
-1389.57 -1764.04 -1339.09
-1690.87 -1686.15 -2071.74
-293.71 -293.49 -144.57
-1687.99 -285.22 -429.11
-321.84 -1618.88 -2206.44
-311.49 -305.23 -1614.43
-1972.18 -682.00 -32.80
-17.59 -19.10 -424.00
-46.55 -27.80 -27.50
-83.53 -33.86 -357.00
-4.40 -4.40 -0.40
0.42 -6.50 -547.00
-8.39 -10.09 -11.79
-1450.25 -10.40 -401.00
0.00 0.00 0.00
1.00 1.00 -418.00
2.00 2.00 0.00
-71.00 0.00 0.00
-2010.12 -2092.17 -1971.60
-2287.88 -2282.79 -2177.37
-2299.17 -2293.73 -2233.73
-2278.24 -2003.79 -2298.67
-2001.52 -1921.57 -1873.95
-1942.01 -1938.05 -1872.27
-2047.70 -2054.26 -2114.14
-2163.47 -1854.20 -2247.66
-1787.07 -1829.08 -1838.46
-1771.85 -1849.61 -1845.58
-2417.29 -1820.44 -1870.53
-1745.83 -1810.41 -2190.15
-2711.81 -2704.49 -2730.96
-2727.01 -2708.55 -2734.26
-2714.22 -2714.95 -2777.53
-2695.35 -2724.73 -2717.43
-1120.65 -2073.06 -2035.33
-2488.76 -2061.79 -2603.21
-2048.71 -2311.30 -2312.07
-2075.97 -2284.18 -2134.55
-2140.98 -2166.63 -1267.82
-1107.52 -1197.86 -1196.37
-1125.94 -914.30 -1267.06
-1201.27 -925.09 -295.16
-2068.14 -613.00 -2173.02
-1840.38 -297.70 -298.60
-301.85 -518.00 -1799.85
-269.19 -290.20 -1137.00
-62.00 -62.00 -526.00
-73.00 -72.00 -72.00
-20.00 -177.00 -465.00
-163.00 -5.00 -50.00
-537.00 -3.00 -4.00
-409.00 -266.00 -37.00
-2.00 -3.00 -60.00
-1.00 -3.00 -1.00
-8.00 0.00 0.00
-19.00 -4.00 -53.00
-3.00 -4.00 -31.00
-3.00 -315.00 -9.00
