-121.00 -120.00 -113.00
-124.00 -124.00 -137.00
-131.00 -124.00 -147.00
-133.00 -120.00 -136.00
-116.00 -112.00 -115.00
-173.00 -168.00 -167.00
-132.00 -114.00 -118.00
-116.00 -115.00 -113.00
-119.00 -104.00 -113.00
-156.00 -167.00 -168.00
-161.00 -115.00 -170.00
-105.00 -104.00 -174.00
-93.00 -94.00 -82.00
-94.00 -94.00 -115.00
-94.00 -96.00 -153.00
-94.00 -94.00 -90.00
-112.00 -159.00 -149.00
-83.00 -92.00 -87.00
-78.00 -86.00 -86.00
-83.00 -81.00 -82.00
-74.00 -74.00 -70.00
-73.00 -85.00 -79.00
-79.00 -74.00 -94.00
-74.00 -74.00 -100.00
-98.00 -68.00 -96.00
-80.00 -66.00 -70.00
-78.00 -80.00 -70.00
-74.00 -67.00 -63.00
-61.00 -63.00 -56.00
-57.00 -146.00 -68.00
-61.00 -76.00 -75.00
-64.00 -67.00 -58.00
-49.00 -61.00 -164.00
-66.00 -57.00 -96.00
-129.00 -53.00 -93.00
-63.00 -49.00 -40.00
-138.00 -34.00 -125.00
-68.00 -131.00 -63.00
-46.00 -123.00 -45.00
-35.00 -34.00 -71.00
-8.00 -6.00 -8.00
-8.00 -8.00 -6.00
-9.00 -4.00 -21.00
-8.00 -8.00 -119.00
-3.00 -5.00 -1.00
-3.00 -1.00 -8.00
-6.00 -9.00 0.00
-5.00 -9.00 -1.00
0.00 -1.00 -3.00
0.00 -4.00 -7.00
-5.00 -4.00 -3.00
-2.00 -4.00 -1.00
-6.00 -2.00 -3.00
-5.00 -2.00 -1.00
-1.00 -4.00 -9.00
-2.00 -6.00 0.00
-78.00 -87.00 -101.00
-93.00 -89.00 -93.00
-89.00 -146.00 -128.00
-102.00 -87.00 -128.00
-95.00 -68.00 -66.00
-72.00 -72.00 -71.00
-72.00 -67.00 -113.00
-98.00 -65.00 -75.00
-78.00 -44.00 -125.00
-54.00 -87.00 -61.00
-128.00 -60.00 -163.00
-59.00 -45.00 -158.00
-116.00 -114.00 -121.00
-117.00 -114.00 -116.00
-137.00 -113.00 -181.00
-113.00 -113.00 -173.00
-63.00 -64.00 -65.00
-63.00 -64.00 -79.00
-63.00 -154.00 -145.00
-63.00 -97.00 -66.00
-31.00 -23.00 -135.00
-34.00 -34.00 -76.00
-34.00 -67.00 -63.00
-40.00 -34.00 -18.00
-17.00 -125.00 -16.00
-17.00 -20.00 -23.00
-14.00 -13.00 -15.00
-21.00 -18.00 -26.00
-6.00 -7.00 -5.00
-10.00 -10.00 -127.00
-7.00 -7.00 -9.00
-3.00 -7.00 -9.00
-4.00 0.00 0.00
-3.00 -5.00 0.00
-2.00 0.00 -3.00
-2.00 -5.00 0.00
-8.00 -9.00 -2.00
-4.00 -2.00 -5.00
-1.00 -7.00 -9.00
-9.00 -1.00 -7.00
