1671.23 1706.30 1940.80
7.00 5.00 7.00
3.00 0.00 2.00
0.00 0.00 -11.00
5.00 6.00 4.00
3.00 3.00 8.00
6.00 2.00 4.00
5.00 2.00 6.00
1.00 5.00 1.00
3.00 4.00 3.00
0.00 6.00 3.00
3.00 4.00 1.00
5.00 3.00 4.00
8.00 5.00 -11.00
6.00 2.00 0.00
6.00 5.00 2.00
4.00 6.00 0.00
6.00 1.00 8.00
1.00 5.00 3.00
3.00 3.00 2.00
1.00 4.00 8.00
6.00 3.00 0.00
7.00 2.00 6.00
3.00 5.00 0.00
6.00 1.00 8.00
8.00 3.00 9.00
9.00 0.00 2.00
6.00 5.00 5.00
6.00 2.00 3.00
7.00 1.00 9.00
3.00 2.00 9.00
7.00 0.00 5.00
7.00 4.00 7.00
3.00 9.00 9.00
4.00 8.00 9.00
6.00 5.00 2.00
8.00 5.00 9.00
7.00 7.00 3.00
3.00 4.00 3.00
5.00 0.00 0.00
9.00 5.00 1.00
9.00 2.00 8.00
0.00 9.00 1.00
8.00 0.00 1.00
4.16 5.00 2.00
7.00 4.00 2.00
0.00 1.00 2.00
4.80 3.00 596.54
4.04 6.00 7.00
1.00 1.00 -29.00
1.27 1.69 1.31
-0.26 0.60 -15.00
1205.84 0.00 -4.04
2.00 11.00 -8.00
8.00 4.00 49.00
1.00 1.00 1826.71
0.00 9.00 5.00
0.00 3.00 3.00
0.00 4.00 4.00
0.00 2.00 1.00
5.00 5.00 8.00
1.00 8.00 5.00
9.00 0.00 1.00
6.00 4.00 2.00
0.00 4.00 2.00
7.00 3.00 9.00
1.00 5.00 9.00
3.00 0.00 9.00
0.00 0.00 14.54
5.16 7.00 6.00
3.00 6.00 1.00
0.00 9.00 7.00
5.00 4.00 1081.58
332.71 1.00 3.32
4.00 6.00 2.00
5.00 1.00 3.00
8.00 7.00 0.00
5.00 5.00 134.08
2.00 7.00 9.00
1.00 7.00 5.00
2.00 5.00 7.00
0.00 0.00 131.20
53.30 0.00 0.00
1.00 6.00 7.00
0.00 5.00 673.22
16.27 21.00 1.00
9.36 4.00 1053.87
1293.12 0.00 952.93
-1.47 1790.02 1080.69
-0.80 514.03 1688.01
0.00 0.00 1390.75
1599.62 1271.68 1537.59
1795.48 2039.64 1690.54
1904.49 1868.54 1115.27
1853.54 2029.41 687.54
2035.48 2013.74 1858.25
