49.50 50.93 17.26
2.83 40.16 2.09
25.75 13.95 11.31
15.34 42.94 -7.41
-6.34 -4.62 41.86
-0.24 -6.54 -2.57
-4.62 2.00 668.11
127.95 2.00 -2.91
219.45 -7.06 1.00
-9.69 -7.16 -8.70
0.00 -9.39 3.00
-5.64 -6.35 433.94
-1.85 -14.07 -2.29
-4.87 -4.41 -11.00
-3.39 -3.83 -13.06
-1.49 -0.70 -11.59
-2.99 -12.95 -12.72
-6.37 -5.75 -15.97
-2.49 -1.63 -2.41
-1.71 -1.86 -1.05
-8.56 -9.83 -9.52
-11.51 -11.51 -13.13
-12.45 -12.43 -12.76
-9.37 -9.65 -8.63
-27.65 -33.78 -32.41
-28.39 -35.26 -41.01
-23.60 -22.59 -22.58
-20.19 -20.47 -20.83
-2.79 -6.22 8.19
-2.77 -11.89 -21.91
-14.39 -15.75 -15.68
-11.44 -0.60 -8.64
17.83 7.32 -7.05
3.07 -3.03 -11.74
2.61 14.70 -1.20
8.52 20.08 31.68
22.10 -23.21 -35.13
-4.19 -5.50 -12.59
-3.53 -5.03 -3.48
26.62 10.80 54.68
-6.14 -7.81 1.00
7.71 2.00 6.43
4.05 41.33 -11.01
33.68 17.66 60.13
54.71 54.49 6.05
30.40 61.69 39.86
59.88 61.03 98.92
62.38 41.58 11.12
22.32 159.10 157.70
131.12 130.61 -43.33
20.79 21.58 145.86
-0.26 128.61 -27.14
219.71 169.31 178.69
147.55 104.19 14.20
143.72 225.30 141.46
201.33 159.19 265.72
0.00 5.52 5.00
-1.00 -2.02 -1.69
-8.07 -17.95 -18.64
-7.35 -8.71 -9.07
-9.95 -10.72 -10.50
-14.27 -14.59 -24.23
-18.56 -24.00 -18.65
-14.87 -14.69 -20.88
-48.12 -22.13 -27.67
-27.66 -34.09 -10.26
-32.72 -61.75 -76.69
-38.50 -31.93 -62.22
-17.77 -18.71 -26.33
-19.50 -19.64 -46.19
-17.12 -18.04 -27.40
-20.84 -20.75 -28.20
-19.03 -41.49 -48.94
-24.40 -24.11 -33.47
-23.08 -19.75 -27.08
-21.27 -15.58 13.74
-9.54 -57.84 -46.09
-21.08 -13.60 -26.20
-20.36 14.39 -37.73
-14.38 -15.21 27.70
44.29 -33.21 -46.12
0.49 -20.92 -31.02
-15.40 -29.93 -51.29
-3.67 12.84 65.32
44.01 46.96 109.22
68.75 1.73 -7.12
35.76 -12.69 -4.31
29.85 80.54 -54.31
53.39 97.94 171.37
88.60 71.84 -84.29
79.49 17.32 17.08
72.07 -7.49 -76.04
225.47 160.13 196.96
174.23 8.22 -60.55
138.09 216.03 48.38
203.34 206.00 254.74
