-245.00 -291.00 -73.00
-253.00 -294.00 -326.00
-304.00 -266.00 -280.00
-266.00 -119.00 -282.00
-151.00 -200.00 -149.00
-196.00 -189.00 -257.00
-189.00 -199.00 -195.00
-205.00 -202.00 -107.00
-202.00 -200.00 -56.00
-79.00 -196.00 -209.00
-198.00 -188.00 -192.00
-203.00 -205.00 -276.00
-38.00 -44.00 -36.00
-34.00 -43.00 -217.00
-42.00 -26.00 -35.00
-30.00 -35.00 -28.00
-30.00 -94.00 -138.00
-29.00 -113.00 -135.00
-16.00 0.00 0.00
-21.00 -21.00 -24.00
-33.00 -27.00 -26.00
-34.00 -29.00 -39.00
-29.00 -32.00 -27.00
-31.00 -25.00 -26.00
-21.00 -30.00 -244.00
-11.00 -36.00 -152.00
-17.00 -11.00 -4.00
-28.00 -13.00 -6.00
7.00 1.00 3.00
7.00 2.00 0.00
0.00 9.00 6.00
2.00 0.00 1.00
3.00 1.00 8.00
4.00 7.00 2.00
5.00 7.00 6.00
6.00 6.00 0.00
0.00 0.00 5.00
6.00 1.00 5.00
4.00 2.00 3.00
2.00 0.00 3.00
0.00 1.00 0.00
1.00 2.00 4.00
5.00 4.00 1.00
6.00 2.00 4.00
6.00 1.00 5.00
3.00 1.00 -147.00
2.00 5.00 4.00
3.00 9.00 2.00
5.00 2.00 9.00
2.00 6.00 7.00
6.00 7.00 3.00
9.00 1.00 7.00
3.00 6.00 1.00
6.00 9.00 8.00
4.00 3.00 1.00
9.00 2.00 6.00
-20.00 -13.00 -18.00
-40.00 -12.00 -17.00
-20.00 -20.00 -148.00
-22.00 -21.00 -174.00
-21.00 -27.00 -167.00
-25.00 -28.00 -35.00
-25.00 -31.00 -252.00
-24.00 -25.00 -144.00
5.00 0.00 5.00
5.00 4.00 9.00
7.00 1.00 0.00
6.00 5.00 -147.00
-199.00 -188.00 -191.00
-207.00 -223.00 -244.00
-228.00 -120.00 -271.00
-225.00 -246.00 -97.00
-56.00 -187.00 -122.00
-49.00 -75.00 -173.00
-93.00 -94.00 -116.00
-93.00 -94.00 -89.00
-89.00 -156.00 -258.00
-97.00 -100.00 -73.00
-101.00 -212.00 -183.00
-93.00 -89.00 -63.00
-82.00 -189.00 -177.00
-85.00 -179.00 -75.00
-75.00 -85.00 -123.00
-80.00 -87.00 -39.00
-38.00 -38.00 -40.00
-41.00 -155.00 -49.00
-37.00 -23.00 -139.00
-35.00 -37.00 -57.00
-14.00 -41.00 3.00
-7.00 -17.00 -140.00
-17.00 -16.00 -22.00
-14.00 -15.00 -167.00
4.00 -160.00 3.00
1.00 6.00 -137.00
4.00 2.00 -12.00
4.00 5.00 3.00
