1295.13 187.95 7.79
7.00 5.00 7.00
3.00 0.00 2.00
0.00 0.00 -11.00
5.00 6.00 4.00
3.00 3.00 8.00
6.00 2.00 4.00
5.00 2.00 6.00
1.00 5.00 1.00
3.00 4.00 3.00
0.00 6.00 3.00
3.00 4.00 1.00
5.00 3.00 4.00
8.00 5.00 -11.00
6.00 2.00 0.00
6.00 5.00 2.00
4.00 6.00 0.00
6.00 1.00 8.00
1.00 5.00 3.00
3.00 3.00 2.00
1.00 4.00 8.00
6.00 3.00 0.00
7.00 2.00 6.00
3.00 5.00 0.00
6.00 1.00 8.00
8.00 3.00 9.00
9.00 0.00 2.00
6.00 5.00 5.00
6.00 2.00 3.00
7.00 1.00 9.00
3.00 2.00 9.00
7.00 0.00 5.00
7.00 4.00 7.00
3.00 9.00 9.00
4.00 8.00 9.00
6.00 5.00 2.00
8.00 5.00 9.00
7.00 7.00 3.00
3.00 4.00 3.00
5.00 0.00 0.00
9.00 5.00 1.00
9.00 2.00 8.00
0.00 9.00 1.00
8.00 0.00 1.00
5.00 5.00 2.00
7.00 4.00 2.00
0.00 1.00 2.00
6.00 3.00 5.00
7.00 6.00 7.00
1.00 1.00 -29.00
3.00 3.00 3.00
1.00 0.00 -15.00
89.38 0.00 -9.00
2.00 11.00 -8.00
8.00 4.00 49.00
1.00 1.00 593.51
0.00 9.00 5.00
0.00 3.00 3.00
0.00 4.00 4.00
0.00 2.00 1.00
5.00 5.00 8.00
1.00 8.00 5.00
9.00 0.00 1.00
6.00 4.00 2.00
0.00 4.00 2.00
7.00 3.00 9.00
1.00 5.00 9.00
3.00 0.00 9.00
0.00 0.00 14.54
5.16 7.00 6.00
3.00 6.00 1.00
0.00 9.00 7.00
5.00 4.00 264.89
4.00 1.00 3.32
4.00 6.00 2.00
5.00 1.00 3.00
8.00 7.00 0.00
5.00 5.00 252.70
2.00 7.00 9.00
1.00 7.00 5.00
2.00 5.00 7.00
0.00 0.00 45.24
7.44 0.00 0.00
1.00 6.00 7.00
0.00 5.00 8.00
24.00 21.00 1.00
3.00 4.00 522.74
6.00 0.00 3.00
1.00 0.00 0.00
0.00 0.00 -11.00
0.00 0.00 446.14
156.65 -7.00 361.80
1065.26 330.39 3.00
57.00 471.58 2.00
185.04 820.11 24.86
856.30 604.51 1360.12
