-934.00 -1008.00 -835.00
-1177.00 -1177.00 -1039.00
-1165.00 -1162.00 -1015.00
-1058.00 -1238.00 -958.00
-1040.00 -899.00 -958.00
-1130.00 -1134.00 -936.00
-1094.00 -1056.00 -1103.00
-1121.00 -1128.00 -781.00
-1031.00 -1012.00 -481.00
-1067.00 -1072.00 -998.00
-994.00 -965.00 -993.00
-913.00 -854.00 -551.00
-594.00 -972.00 -596.00
-936.00 -896.00 -839.00
-904.00 -884.00 -987.00
-928.00 -939.00 -410.00
-810.00 -685.00 -905.00
-964.00 -860.00 -968.00
-872.00 -715.00 -877.00
-841.00 -837.00 -852.00
-878.00 -923.00 -894.00
-948.00 -811.00 -998.00
-820.00 -862.00 -602.00
-759.00 -725.00 -547.00
-676.00 -659.00 -681.00
-792.00 -940.00 -1040.00
-615.00 -577.00 -635.00
-668.00 -662.00 -882.00
-275.00 -272.00 -256.00
-114.00 -112.00 -164.00
-257.00 -238.00 -232.00
-321.00 -864.00 -333.00
-297.00 -274.00 -509.00
-330.00 -304.00 -801.00
-299.00 -295.00 -135.00
-298.00 -327.00 -346.00
-537.00 -57.00 -42.00
-35.00 -16.00 -107.00
2.00 7.00 4.00
-74.00 -42.00 -637.00
5.00 0.00 0.00
4.00 8.00 4.00
1.00 9.00 6.00
4.00 3.00 8.00
3.00 2.00 3.00
5.00 1.00 4.00
1.00 0.00 4.00
7.00 6.00 0.00
2.00 7.00 3.00
8.00 5.00 5.00
3.00 7.00 2.00
8.00 6.00 6.00
0.00 9.00 9.00
4.00 9.00 3.00
3.00 2.00 0.00
7.00 6.00 4.00
-480.00 -718.00 -809.00
-676.00 -901.00 -853.00
-727.00 -716.00 -783.00
-914.00 -1035.00 -784.00
-451.00 -899.00 -269.00
-428.00 -530.00 -534.00
-804.00 -318.00 -332.00
-816.00 -454.00 -610.00
-26.00 -22.00 -206.00
-33.00 -35.00 -9.00
-640.00 -18.00 -679.00
-80.00 -408.00 -525.00
-881.00 -871.00 -897.00
-902.00 -1062.00 -1084.00
-858.00 -787.00 -822.00
-1178.00 -779.00 -885.00
-319.00 -191.00 -826.00
-782.00 -202.00 -767.00
-182.00 -214.00 -184.00
-183.00 -205.00 -232.00
-15.00 0.00 -421.00
0.00 9.00 -2.00
8.00 8.00 2.00
-8.00 -11.00 -7.00
9.00 2.00 8.00
0.00 3.00 1.00
1.00 6.00 5.00
5.00 5.00 9.00
7.00 5.00 0.00
7.00 2.00 6.00
6.00 0.00 3.00
1.00 9.00 8.00
0.00 4.00 9.00
5.00 9.00 5.00
3.00 3.00 4.00
8.00 3.00 5.00
8.00 1.00 6.00
3.00 6.00 4.00
8.00 7.00 3.00
1.00 7.00 1.00
