-2947.16 -3055.77 -2636.20
-2923.08 -3096.32 -3145.82
-3055.19 -3054.19 -2989.70
-3001.86 -3030.72 -3028.76
-2931.31 -2785.61 -2642.75
-2755.53 -2909.86 -2754.96
-2728.47 -2990.40 -3036.53
-3025.08 -3028.55 -2831.45
-1898.23 -2688.21 -2694.50
-2779.10 -2910.68 -2687.32
-2725.36 -2734.25 -2580.22
-2631.96 -2635.22 -2352.49
-2609.41 -2547.01 -2502.92
-2465.43 -2612.09 -2989.29
-2826.77 -2576.73 -2524.07
-2585.55 -2588.43 -2427.77
-2562.39 -2522.21 -2769.13
-2690.32 -2566.05 -2684.82
-2578.73 -2716.41 -2568.90
-2550.32 -2595.25 -2202.26
-2741.59 -2737.30 -2399.20
-2716.54 -2720.70 -2317.03
-2515.44 -2733.76 -2057.76
-1906.32 -1721.05 -1708.01
-2630.07 -2475.65 -2484.35
-2700.65 -2526.34 -2725.95
-2602.43 -2015.40 -2575.21
-2664.79 -2637.38 -2467.03
-1924.24 -1968.05 -1944.93
-1938.39 -2475.66 -2271.22
-2002.55 -2445.52 -2110.71
-2233.37 -2748.23 -1972.67
-1928.40 -1931.62 -2704.42
-2707.58 -1979.37 -1975.85
-1980.30 -1862.23 -2523.87
-2493.86 -1979.23 -2001.83
-668.48 -2091.00 -944.10
-896.35 -1163.34 -1265.53
-1990.10 -1248.56 -2094.36
-989.85 -1939.05 -2381.13
-2176.09 -432.55 -848.00
-108.44 -152.42 -1830.88
-334.00 -431.00 -104.00
-810.00 -358.73 -492.71
-16.00 -682.00 -13.00
-16.00 -11.00 -424.00
-18.00 -17.00 -14.00
-370.00 -32.00 -357.00
1.00 1.00 0.00
1.00 3.00 -547.00
0.00 6.00 3.00
1.00 1.00 -401.00
0.00 0.00 0.00
1.00 1.00 -418.00
2.00 2.00 0.00
-71.00 0.00 0.00
-2410.43 -2572.16 -2504.60
-2481.66 -2846.39 -2938.61
-2167.83 -2159.15 -2258.32
-2938.64 -2397.08 -2621.19
-1984.28 -2243.37 -2302.92
-2153.33 -1992.82 -2322.05
-2636.76 -1790.86 -2817.85
-2444.59 -1983.48 -2284.55
-1577.72 -1398.49 -1543.07
-1364.66 -1544.15 -1560.12
-2420.13 -1618.66 -2151.82
-1386.01 -1384.85 -2720.95
-3106.33 -2932.40 -2622.79
-2934.37 -2935.94 -2919.76
-2968.24 -2957.58 -2940.18
-3074.42 -3075.82 -2864.56
-2503.61 -2507.90 -2879.13
-2438.62 -2680.05 -2513.46
-2522.24 -2453.32 -2732.65
-2998.45 -2520.29 -2521.60
-495.30 -691.55 -591.43
-656.25 -444.47 -1039.10
-1780.00 -463.04 -2132.58
-2409.70 -494.38 -2177.69
-2068.14 -613.00 -2173.02
-295.08 -297.70 -295.00
-294.08 -518.00 -1799.85
-140.55 -290.20 -1137.00
-62.00 -62.00 -526.00
-73.00 -72.00 -72.00
-20.00 -177.00 -465.00
-163.00 -5.00 -50.00
-537.00 -3.00 -4.00
-409.00 -266.00 -37.00
-2.00 -3.00 -60.00
-1.00 -3.00 -1.00
-8.00 0.00 0.00
-19.00 -4.00 -53.00
-3.00 -4.00 -31.00
-3.00 -315.00 -9.00
