-5175.55 -5163.84 -3618.29
-5231.99 -5237.65 -5265.53
-5335.94 -5195.98 -5235.08
-5235.08 -5283.94 -5069.78
-4554.77 -4554.52 -3479.45
-4729.16 -4727.05 -4502.88
-4633.16 -4535.35 -4703.92
-4518.07 -4785.58 -4516.02
-3820.44 -3812.52 -3140.62
-3820.92 -3804.39 -3821.18
-3557.56 -3542.70 -3675.22
-3878.05 -3830.56 -3775.96
-3206.42 -4356.97 -3142.52
-3512.80 -3533.33 -3511.04
-3369.82 -3551.67 -3371.27
-3315.95 -3326.49 -3306.33
-3102.77 -3110.45 -3869.36
-3213.12 -3425.10 -3166.48
-3151.51 -3146.32 -3151.28
-3130.79 -3108.38 -3131.85
-2409.77 -2449.62 -2404.93
-2646.04 -2613.40 -2664.54
-2871.12 -2603.14 -2608.17
-2523.23 -2518.36 -2539.33
-2708.54 -2781.64 -2410.86
-2999.04 -2322.98 -3055.00
-2384.73 -2337.81 -2372.99
-2319.86 -2324.89 -2325.44
-2430.38 -1554.95 -1951.23
-1938.39 -2475.66 -2271.22
-2002.55 -2445.52 -2110.71
-2233.37 -1346.50 -2247.68
-2016.37 -2027.65 -2704.42
-2707.58 -1959.56 -2634.59
-1980.30 -1936.09 -2523.87
-2493.86 -2015.94 -2653.38
-2304.21 -1080.93 -895.37
-883.01 -1163.34 -1265.53
-1990.10 -1160.96 -1330.33
-2476.43 -860.63 -858.68
-2176.09 -432.55 -848.00
-108.44 -152.42 -1830.88
-334.00 -431.00 -104.00
-810.00 -358.73 -492.71
-16.00 -682.00 -13.00
-16.00 -11.00 -424.00
-18.00 -17.00 -14.00
-370.00 -32.00 -357.00
1.00 1.00 0.00
1.00 3.00 -547.00
0.00 6.00 3.00
1.00 1.00 -401.00
0.00 0.00 0.00
1.00 1.00 -418.00
2.00 2.00 0.00
-71.00 0.00 0.00
-2977.48 -2988.53 -2392.30
-2344.03 -3025.27 -3043.13
-3027.01 -3027.05 -3024.70
-3107.51 -3124.73 -3057.21
-2492.75 -2298.95 -2297.77
-2293.98 -2309.20 -2280.95
-2256.16 -2264.30 -2348.16
-2961.34 -2291.78 -2293.41
-1451.69 -1448.71 -1451.79
-1499.46 -1634.81 -1495.60
-2255.19 -2747.43 -2746.90
-2030.76 -2067.87 -2123.20
-3614.50 -3610.03 -3577.70
-3545.61 -3594.99 -3593.88
-3642.88 -3712.96 -4115.69
-3778.74 -3855.47 -3642.63
-1902.71 -1898.40 -3210.66
-1904.99 -2040.56 -1934.29
-1879.59 -2734.88 -2131.46
-1853.27 -1926.70 -3168.10
-1088.62 -2405.94 -545.40
-656.25 -498.86 -569.24
-915.77 -2245.47 -2315.71
-784.93 -764.15 -895.95
-2068.14 -613.00 -2173.02
-295.08 -297.70 -295.00
-294.08 -518.00 -1799.85
-140.55 -290.20 -1137.00
-62.00 -62.00 -526.00
-73.00 -72.00 -72.00
-20.00 -177.00 -465.00
-163.00 -5.00 -50.00
-537.00 -3.00 -4.00
-409.00 -266.00 -37.00
-2.00 -3.00 -60.00
-1.00 -3.00 -1.00
-8.00 0.00 0.00
-19.00 -4.00 -53.00
-3.00 -4.00 -31.00
-3.00 -315.00 -9.00
