-3905.59 -3972.38 -2909.30
-4324.10 -3944.05 -3946.25
-3900.12 -3953.79 -3961.54
-4002.63 -3999.18 -3727.67
-3856.03 -3821.98 -2927.75
-3878.27 -3829.03 -3876.59
-3789.37 -3782.87 -3815.03
-3764.63 -3880.24 -3874.80
-3247.42 -3249.33 -3002.78
-3257.27 -3307.35 -3617.69
-3264.23 -3734.13 -3732.76
-3418.76 -3712.60 -2890.48
-2937.41 -2924.76 -2990.94
-3072.32 -3075.58 -3028.29
-3074.19 -3074.00 -3239.43
-3028.98 -3075.91 -2950.83
-2964.07 -2951.87 -3093.48
-2915.29 -3138.78 -3140.15
-2495.65 -2514.94 -2952.05
-2523.00 -3046.49 -3440.99
-2528.34 -2527.53 -2006.37
-2745.18 -2792.25 -2785.62
-2561.39 -2734.86 -2741.29
-2541.15 -2550.01 -1709.85
-2071.55 -2088.62 -2116.51
-2999.04 -2919.40 -2108.82
-2113.10 -2114.73 -2428.72
-2073.74 -2078.98 -2889.88
-1282.72 -1968.05 -1951.23
-1938.39 -2475.66 -2271.22
-2002.55 -2445.52 -2110.71
-2233.37 -2118.82 -2247.68
-2016.37 -2027.65 -2704.42
-2707.58 -1959.56 -2634.59
-1980.30 -1936.09 -2523.87
-2493.86 -2015.94 -2653.38
-2304.21 -1080.93 -895.37
-883.01 -1163.34 -1265.53
-1990.10 -1160.96 -1330.33
-2476.43 -860.63 -858.68
-2176.09 -432.55 -848.00
-108.44 -152.42 -1830.88
-334.00 -431.00 -104.00
-810.00 -358.73 -492.71
-16.00 -682.00 -13.00
-16.00 -11.00 -424.00
-18.00 -17.00 -14.00
-370.00 -32.00 -357.00
1.00 1.00 0.00
1.00 3.00 -547.00
0.00 6.00 3.00
1.00 1.00 -401.00
0.00 0.00 0.00
1.00 1.00 -418.00
2.00 2.00 0.00
-71.00 0.00 0.00
-3059.82 -3251.13 -3459.23
-2738.94 -3005.54 -2989.51
-2728.06 -2854.09 -2920.12
-2750.47 -2861.31 -2882.82
-2081.80 -2093.86 -2120.09
-2132.52 -2472.23 -1939.52
-2122.84 -2113.25 -2145.44
-2107.37 -2103.73 -2085.26
-1451.69 -1448.71 -1451.79
-1499.46 -1634.81 -1495.60
-2255.19 -2747.43 -2746.90
-2030.76 -2067.87 -2123.20
-3675.48 -3886.02 -3672.71
-3676.40 -3676.55 -3673.80
-3698.88 -3658.73 -3863.67
-3692.14 -3693.83 -3902.06
-1777.64 -1870.61 -1851.19
-1866.49 -2680.05 -2982.24
-1883.39 -2734.88 -2131.46
-1870.61 -1888.90 -1987.74
-1088.62 -2405.94 -545.40
-656.25 -498.86 -569.24
-915.77 -2245.47 -2315.71
-784.93 -764.15 -895.95
-2068.14 -613.00 -2173.02
-295.08 -297.70 -295.00
-294.08 -518.00 -1799.85
-140.55 -290.20 -1137.00
-62.00 -62.00 -526.00
-73.00 -72.00 -72.00
-20.00 -177.00 -465.00
-163.00 -5.00 -50.00
-537.00 -3.00 -4.00
-409.00 -266.00 -37.00
-2.00 -3.00 -60.00
-1.00 -3.00 -1.00
-8.00 0.00 0.00
-19.00 -4.00 -53.00
-3.00 -4.00 -31.00
-3.00 -315.00 -9.00
