-2301.24 -2500.52 -2185.46
-2673.46 -2664.17 -2682.71
-2707.10 -2800.48 -2331.87
-2453.42 -2484.39 -2481.79
-2463.11 -2208.43 -2281.25
-2716.14 -2716.38 -2354.80
-2688.40 -2731.04 -2527.11
-2244.48 -2273.07 -2249.62
-2438.25 -2438.63 -2276.17
-2613.44 -2460.07 -2216.18
-2556.82 -2319.97 -2612.33
-2235.12 -2284.29 -2313.50
-2271.61 -2267.76 -2225.56
-2359.72 -2360.13 -2235.81
-2411.05 -2411.96 -2471.73
-2352.13 -2352.14 -2305.14
-2494.91 -2218.54 -2221.40
-2188.80 -2190.05 -2254.71
-2169.98 -2162.76 -2174.32
-2240.34 -2199.60 -2199.14
-2193.69 -2190.69 -2199.70
-2184.09 -2198.42 -2194.11
-2206.71 -2200.55 -2201.62
-2510.55 -2218.55 -2308.76
-1999.64 -2189.55 -2257.89
-2204.99 -1916.62 -2460.16
-2129.09 -2347.73 -2138.62
-2179.94 -2177.74 -1969.04
-2490.61 -2105.25 -2100.11
-2168.55 -2070.30 -2117.01
-2057.77 -2127.43 -2106.33
-2052.77 -2055.34 -1787.72
-2007.29 -2025.76 -2059.43
-2011.23 -2068.93 -2008.07
-1988.33 -2003.46 -2317.35
-1996.54 -1985.89 -2357.87
-2602.52 -1759.02 -2018.15
-1760.22 -1791.90 -1942.94
-1695.95 -2213.18 -2336.53
-1799.57 -1834.62 -2245.72
-997.50 -996.82 -2108.80
-1000.53 -993.26 -1207.90
-1070.43 -937.05 -1577.67
-2465.69 -1133.02 -1883.44
-404.32 -45.57 -369.75
-383.96 -47.43 -580.27
-75.86 -76.49 -50.46
-74.25 -159.41 -357.00
-787.82 -29.57 -109.93
-36.85 -39.16 -48.77
-177.77 -44.40 -202.12
-325.08 -1016.38 -1535.90
-1009.20 -612.38 -105.69
-969.73 -41.49 -251.02
-40.48 -57.22 -66.16
-71.00 -888.00 -741.90
-2211.29 -2175.26 -2142.73
-2247.61 -2234.64 -2363.77
-2320.20 -2242.98 -2242.16
-2345.96 -2347.45 -2218.17
-1965.89 -2147.58 -2113.17
-2086.48 -2082.52 -2078.89
-2065.09 -2154.30 -2512.57
-2110.06 -2071.74 -1806.26
-2423.03 -1920.01 -2168.02
-2067.29 -1960.96 -1931.37
-1912.94 -1905.03 -1949.04
-2542.95 -1833.41 -2277.14
-2636.12 -2652.07 -1538.40
-2708.93 -2589.43 -2708.78
-2593.88 -2679.70 -2674.00
-2672.57 -2673.80 -1417.41
-1474.96 -1396.25 -2386.79
-1695.73 -2337.77 -1623.55
-1540.86 -1535.19 -1630.02
-1261.81 -1505.90 -1049.00
-1064.04 -1086.02 -1278.61
-1107.62 -1081.89 -1086.45
-2049.19 -1094.12 -1096.06
-1091.06 -1098.49 -1155.76
-1887.74 -1990.37 -873.79
-1595.14 -474.88 -500.82
-490.46 -2180.43 -628.52
-450.22 -1904.22 -526.46
-396.59 -393.87 -412.78
-394.40 -2070.69 -866.69
-1605.03 -1073.27 -959.45
-812.34 -381.35 -1145.53
-168.36 -184.14 -48.55
-136.08 -151.25 -170.00
-278.06 -211.52 -211.67
-310.64 -104.04 -1343.85
-66.11 -78.95 -44.24
-54.11 -85.59 -242.07
-245.30 -268.99 -89.60
-425.27 -48.61 -610.21
