-58.47 -55.57 -44.23
-65.54 -65.58 -82.68
-63.43 -63.11 -78.01
-63.98 -57.10 -79.68
-26.74 -57.94 -53.99
-48.93 -60.67 -76.48
-53.15 -20.88 -60.96
-41.22 -35.72 -2.99
-54.46 -53.86 -43.09
-50.99 -49.48 -83.44
-48.14 -49.51 -39.29
-50.34 -51.09 -69.73
-32.59 -32.87 -32.13
-35.73 -36.93 -56.86
-31.87 -30.93 -32.84
-29.56 -28.80 -29.08
-27.24 -27.31 -77.55
-26.30 -26.55 -61.48
-24.89 -23.60 -25.96
-22.87 -22.50 -23.04
-22.87 -23.41 -23.76
-22.28 -23.14 -22.86
-22.92 -23.56 -23.16
-22.66 -22.63 -22.85
-29.12 -31.02 -68.37
-31.93 -34.38 -60.29
-26.97 -26.33 -27.45
-24.40 -24.41 -10.90
16.24 6.46 59.67
6.87 -5.56 -18.59
-12.91 8.17 -19.46
-0.17 31.98 -15.28
75.41 20.61 -70.27
35.56 5.56 -42.34
-15.32 54.27 -9.71
56.14 58.44 92.02
82.16 26.73 -62.72
-7.35 46.78 4.74
29.47 63.39 10.13
55.31 59.18 122.27
66.58 8.43 -40.06
-2.20 73.28 -2.82
53.76 104.89 -26.31
79.74 51.28 152.02
138.84 78.45 -9.71
19.97 166.12 38.29
165.71 166.23 218.53
182.07 116.50 -30.14
38.12 37.05 108.19
105.07 87.12 55.36
89.77 83.00 259.06
105.85 26.76 7.49
277.88 131.45 48.49
132.40 202.30 -16.33
182.49 295.73 240.20
293.20 285.05 310.80
-22.28 -22.71 -22.79
-24.04 -24.20 -26.77
-27.61 -26.83 -56.37
-27.31 -26.39 -49.83
-21.65 -22.66 8.13
-23.19 -21.33 -20.47
-29.05 -29.78 -58.67
-29.40 -20.10 -45.02
-17.10 -13.91 41.71
-24.87 -17.81 8.27
-4.35 -32.88 -54.74
-11.94 14.93 -57.85
-28.00 -74.31 -127.10
-58.77 -79.58 -84.71
-79.46 -20.97 -98.73
-39.10 -49.54 22.53
-8.00 -45.81 -104.69
-29.61 -49.87 -69.52
-31.77 -55.62 -89.95
-35.64 -24.19 55.31
-21.83 -46.90 -61.38
-33.52 -3.09 -46.43
0.59 -20.87 -98.15
-5.06 -23.50 66.74
140.75 -0.62 31.62
22.17 -10.80 -15.37
-27.26 56.06 -29.96
15.29 38.83 68.68
85.53 79.37 175.97
79.13 64.45 54.55
55.01 82.36 -47.58
75.79 115.99 -107.35
116.20 140.98 274.33
110.66 57.04 50.04
68.42 134.43 71.11
113.96 230.48 20.48
276.76 196.95 206.00
236.62 187.06 64.58
213.57 293.51 117.10
264.19 267.59 313.40
