-54.45 -51.49 -47.13
-62.37 -62.49 -66.06
-53.80 -56.23 -63.01
-63.99 -61.84 -66.10
-29.70 -29.76 -26.78
-36.58 -42.53 -51.13
-15.36 -14.59 -19.31
-22.29 -22.89 -31.74
-17.44 -18.71 -16.21
-12.47 -13.23 -12.83
-8.33 -10.17 -18.19
-20.43 -25.49 -29.54
-9.80 -10.36 -10.08
-12.06 -11.65 -26.98
-10.25 -10.85 -10.86
-11.22 -10.53 -9.54
-15.79 -13.21 -16.01
-4.47 -3.55 -12.20
-1.59 -3.08 -2.55
-3.16 -2.78 -2.85
-0.93 -0.18 -0.17
-0.22 -0.38 -0.97
-0.04 -2.22 -0.80
-1.03 -1.41 -1.72
-0.16 -0.93 -0.94
-0.26 -0.21 -0.37
-0.32 -0.06 -0.13
-0.83 -0.74 -0.33
-0.22 -0.59 -0.86
-0.72 -0.03 -0.46
-0.61 -0.50 -0.40
-0.74 -0.98 -0.11
-0.16 -0.22 -0.50
-0.25 -0.48 -3.88
-0.96 -0.30 -0.48
-0.85 -0.80 -0.84
-0.52 -0.89 -8.80
-0.89 -1.35 -0.87
-0.88 -0.81 -0.86
-1.12 -0.77 -0.80
-0.78 -1.20 -9.66
-1.55 -1.45 -1.63
-0.91 -0.92 16.06
-0.49 -0.30 -0.82
36.63 17.10 28.04
-0.04 -0.25 4.49
-0.89 -0.89 4.90
14.52 31.41 15.86
1.52 4.05 49.13
-1.00 -1.97 -13.61
-0.94 -0.84 18.15
0.60 2.58 -2.74
264.22 99.65 51.56
-0.01 87.11 -2.94
42.01 186.63 69.07
180.03 182.87 312.22
-2.06 -3.58 -2.89
-1.71 -2.57 -3.24
-0.22 -0.05 -0.65
-2.44 -1.69 -13.56
-0.74 -0.49 -0.22
-0.88 -0.51 -0.05
-0.38 -0.63 -0.83
-0.52 -0.27 -11.49
-0.87 -0.36 -0.24
-0.35 -0.43 -0.28
-0.91 -0.22 -0.97
-0.97 -0.96 -0.99
-18.55 -18.17 -33.72
-19.63 -20.70 -20.37
-19.42 -19.61 -24.77
-19.70 -14.52 -21.00
6.53 -3.94 -39.22
2.83 -8.39 -16.84
-12.26 21.80 -13.04
21.91 20.31 25.55
29.48 4.28 -38.39
29.08 -3.21 -7.98
7.98 52.96 -24.84
39.58 38.64 52.33
46.19 32.21 18.14
12.05 58.21 -1.13
49.20 61.87 11.69
55.55 46.08 96.60
106.76 125.79 151.61
100.85 60.61 62.45
69.22 95.11 -7.22
97.63 131.56 27.17
130.31 107.53 145.06
82.85 48.85 58.23
54.71 66.66 92.74
101.44 171.26 54.23
264.45 198.98 200.19
208.03 182.79 127.16
204.35 254.94 109.72
266.91 262.97 295.69
