-408.00 -297.00 -233.00
-275.00 -405.00 -404.00
-420.00 -404.00 -389.00
-412.00 -375.00 -412.00
-299.00 -305.00 -206.00
-316.00 -317.00 -319.00
-338.00 -322.00 -342.00
-297.00 -286.00 -304.00
-264.00 -256.00 -205.00
-366.00 -331.00 -339.00
-310.00 -315.00 -291.00
-279.00 -313.00 -344.00
-212.00 -210.00 -218.00
-208.00 -238.00 -230.00
-220.00 -207.00 -206.00
-208.00 -202.00 -167.00
-228.00 -264.00 -250.00
-222.00 -221.00 -286.00
-224.00 -222.00 -205.00
-229.00 -227.00 -241.00
-108.00 -105.00 -145.00
-108.00 -144.00 -106.00
-104.00 -107.00 -135.00
-110.00 -110.00 -113.00
-206.00 -112.00 -176.00
-104.00 -117.00 -160.00
-91.00 -92.00 -91.00
-94.00 -98.00 -84.00
-73.00 -72.00 -73.00
-72.00 -76.00 -87.00
-87.00 -88.00 -93.00
-89.00 -91.00 -62.00
-73.00 -69.00 -234.00
-73.00 -205.00 -152.00
-66.00 -65.00 -70.00
-77.00 -59.00 -186.00
-35.00 -37.00 -198.00
-39.00 -74.00 -35.00
-21.00 -34.00 -38.00
-45.00 -180.00 -56.00
-75.00 -99.00 -209.00
-78.00 -76.00 -230.00
-76.00 -78.00 -141.00
-76.00 -76.00 -24.00
8.00 0.00 -52.00
-202.00 3.00 -12.00
-159.00 1.00 -9.00
36.00 1.00 1.00
2.00 2.00 -97.00
51.00 4.00 -83.00
4.00 1.00 112.00
2.00 3.00 51.00
96.00 -15.00 0.00
226.00 1.00 0.00
192.00 108.00 -4.00
117.00 2.00 139.00
-132.00 -146.00 -213.00
-159.00 -249.00 -158.00
-156.00 -186.00 -275.00
-176.00 -120.00 -155.00
-94.00 -205.00 -208.00
-85.00 -108.00 -106.00
-93.00 -266.00 -217.00
-100.00 -97.00 -159.00
-50.00 -50.00 -40.00
-62.00 -191.00 -61.00
-66.00 -63.00 -95.00
-64.00 -58.00 -199.00
-276.00 -358.00 -309.00
-256.00 -266.00 -285.00
-292.00 -229.00 -343.00
-291.00 -290.00 -281.00
-322.00 -322.00 -306.00
-239.00 -226.00 -247.00
-227.00 -243.00 -297.00
-220.00 -220.00 -257.00
-196.00 -182.00 -218.00
-236.00 -207.00 -202.00
-129.00 -132.00 -158.00
-152.00 -138.00 -168.00
-37.00 -39.00 -94.00
-57.00 -37.00 -103.00
-28.00 -137.00 -85.00
-35.00 -35.00 -75.00
127.00 -116.00 78.00
129.00 119.00 87.00
131.00 91.00 -93.00
1.00 128.00 -85.00
188.00 206.00 84.00
206.00 205.00 48.00
204.00 205.00 -112.00
205.00 204.00 -179.00
310.00 273.00 260.00
315.00 288.00 -34.00
313.00 286.00 197.00
309.00 268.00 268.00
