-58.47 -53.63 -44.56
-65.54 -65.58 -76.02
-63.43 -62.78 -78.01
-63.98 -57.84 -79.68
-31.37 -57.94 -53.99
-48.93 -60.67 -68.68
-52.72 -34.23 -59.90
-41.22 -37.52 -11.28
-46.64 -46.36 -41.58
-43.43 -43.75 -60.85
-42.53 -43.32 -42.47
-47.05 -46.98 -59.96
-25.68 -26.20 -26.93
-27.31 -27.62 -39.77
-24.51 -24.84 -26.37
-19.66 -20.02 -23.81
-16.26 -16.11 -27.56
-12.52 -12.27 -26.15
-6.64 -8.22 -8.32
-6.93 -8.33 -14.92
-4.57 -3.95 -3.80
-4.59 -3.97 -4.60
-2.93 -3.23 -3.01
-4.26 -4.50 -4.37
-2.78 -2.44 -35.11
-1.12 -0.99 -0.37
-0.32 -0.88 -0.13
-2.34 -2.99 -2.77
-0.91 -0.59 -0.86
-0.72 -0.03 -0.46
-0.61 -1.22 -0.40
-1.40 -0.98 -1.40
-0.16 -0.22 -0.50
-0.25 -0.48 -3.88
-0.96 -0.30 -0.48
-0.85 -0.80 -0.84
-0.52 -0.89 -8.80
-0.89 -1.35 -0.87
-0.88 -0.81 -0.86
-1.12 -0.77 -0.80
-0.78 -1.20 -9.66
-1.55 -0.26 -1.63
-0.91 -0.92 -0.09
-0.49 -0.30 -0.82
27.71 15.47 9.33
-0.04 -0.25 3.23
-0.66 -0.89 6.77
14.52 13.42 2.65
1.40 3.35 40.52
-1.19 -0.34 -13.61
-0.94 -0.84 33.47
0.60 5.75 -2.74
217.88 97.42 48.49
-0.01 100.99 -2.94
46.19 195.86 69.07
200.74 198.16 269.94
-9.08 -10.27 -9.24
-7.04 -7.55 -9.26
-11.39 -11.02 -38.45
-15.08 -15.03 -28.06
-0.74 -1.25 -0.92
-0.88 -0.51 -1.15
-1.18 -1.39 -12.86
-2.04 -1.78 -11.49
-0.87 -0.36 -11.48
-0.35 -0.43 -0.28
-0.91 -0.89 -0.97
-1.49 -1.49 -15.96
-37.07 -75.21 -127.10
-60.26 -79.58 -84.71
-79.46 -24.40 -98.73
-39.67 -51.03 18.28
-8.00 -45.81 -100.48
-31.32 -49.87 -69.52
-31.39 -55.62 -89.95
-35.68 -24.19 45.09
-21.83 -46.90 -61.38
-33.52 -2.87 -46.43
3.63 -20.87 -93.12
-5.43 -23.50 75.85
157.61 -0.62 42.85
11.00 -10.80 -15.37
-27.26 56.06 -29.96
15.29 4.12 79.92
84.97 85.11 108.74
69.54 64.45 59.96
55.01 82.36 -36.71
76.31 95.28 -103.44
106.28 127.45 286.01
94.77 57.04 50.04
66.77 126.29 71.11
113.96 222.25 50.57
375.30 188.60 198.30
206.28 187.06 78.63
204.35 249.84 124.93
240.91 228.79 489.86
