-1612.82 -1691.23 -1526.52
-1722.86 -1722.28 -1727.83
-1727.13 -1660.75 -1721.35
-1640.72 -1643.93 -1601.40
-1595.50 -1582.85 -1475.93
-1610.55 -1627.39 -1501.21
-1460.64 -1597.92 -1618.68
-1460.38 -1560.22 -1565.36
-1597.02 -1592.88 -1467.98
-1601.62 -1588.96 -1560.06
-1607.25 -1604.28 -1600.22
-1594.27 -1598.96 -1593.28
-1555.47 -1513.80 -1424.36
-1513.08 -1761.48 -1643.85
-1539.18 -1545.77 -1571.56
-1494.52 -1647.63 -1558.48
-1433.56 -1590.99 -1601.97
-1428.23 -1448.36 -1425.26
-1520.73 -1791.13 -1435.62
-1786.21 -1415.13 -1478.96
-1694.46 -1771.73 -1367.89
-1616.23 -1664.67 -1669.68
-1652.13 -1777.45 -1209.38
-1738.48 -1262.30 -1732.25
-1428.15 -1392.08 -1709.45
-1530.99 -1330.70 -1485.27
-2136.32 -2021.84 -1539.83
-1454.95 -1263.80 -1260.74
-1847.84 -1910.39 -1201.88
-2071.52 -2274.46 -1855.51
-2223.51 -1918.39 -1239.28
-1853.63 -1892.33 -504.79
-1272.42 -1194.49 -1780.27
-1199.39 -1128.84 -1664.01
-1127.37 -1173.20 -1253.11
-1258.17 -1252.91 -1430.08
-1340.44 -2087.03 -2222.05
-1130.64 -1061.82 -2352.50
-1699.18 -1216.98 -1559.26
-1773.79 -1737.02 -395.51
-2169.63 -471.58 -568.90
-1902.94 -746.54 -1207.90
-698.55 -1196.06 -1942.05
-1636.33 -2183.52 -291.54
-404.32 -45.57 -369.75
-383.96 -47.43 -580.27
-51.95 -36.58 -119.82
-47.91 -562.51 -357.00
-787.82 -29.57 -109.93
-33.56 -32.52 -48.77
-32.39 -34.58 -36.97
-325.08 -1016.38 -207.12
-43.16 -612.38 -105.69
-969.73 -41.49 -251.02
-40.48 -57.22 -66.16
-71.00 -888.00 -741.90
-1752.68 -2061.18 -1379.86
-1695.97 -1868.67 -1840.49
-2221.29 -1576.56 -1133.74
-1759.78 -1833.52 -1552.90
-1438.60 -1489.72 -1438.04
-1505.99 -1481.50 -1370.74
-1704.09 -1529.03 -1474.41
-1526.03 -1834.34 -1651.47
-1694.62 -1647.77 -1713.96
-1826.67 -1821.37 -1830.80
-1796.00 -1839.43 -1754.23
-1799.55 -1862.28 -970.49
-1299.89 -1325.04 -1364.73
-1625.34 -1281.45 -1384.21
-1290.12 -1726.92 -1414.95
-1289.32 -1286.96 -1288.26
-1130.40 -1103.39 -1347.84
-1093.19 -1105.35 -1210.91
-1130.43 -1131.16 -1141.48
-1108.30 -1139.23 -1346.72
-385.28 -836.81 -943.68
-699.17 -740.75 -815.95
-865.16 -542.98 -941.32
-691.39 -1165.32 -1046.34
-472.37 -267.55 -539.40
-430.76 -494.75 -500.82
-582.18 -431.52 -790.40
-449.87 -455.42 -354.95
-394.54 -395.27 -290.49
-325.86 -416.88 -866.69
-919.39 -1073.27 -1058.46
-473.35 -469.32 -1145.53
-168.36 -184.14 -60.93
-136.08 -151.25 -170.00
-278.06 -211.52 -211.67
-310.64 -276.55 -230.81
-66.11 -78.95 -44.11
-54.11 -85.59 -242.07
-245.30 -268.99 -89.60
-425.27 -48.61 -610.21
