-1870.35 -1929.70 -2154.97
-2376.30 -2370.92 -2232.51
-2326.01 -2370.85 -2336.29
-2240.25 -1875.29 -2088.67
-1691.84 -1935.79 -1603.54
-2088.79 -2156.97 -2191.64
-2049.24 -2116.50 -2113.23
-1921.36 -2148.90 -1728.94
-2068.87 -2070.63 -1660.23
-2109.37 -2073.84 -2222.64
-2117.85 -1846.52 -2082.63
-1992.27 -1992.03 -2012.95
-2044.16 -2032.09 -1649.15
-2043.20 -2047.51 -2134.57
-2049.46 -2189.87 -1831.45
-1960.03 -2011.38 -2045.51
-1326.74 -1757.87 -1785.84
-2251.92 -2072.25 -2398.67
-2647.56 -3160.92 -1854.12
-1822.44 -1814.21 -1714.46
-1255.91 -1871.94 -1449.67
-2255.27 -2027.01 -2167.14
-2043.35 -2200.37 -2050.58
-1849.47 -1192.05 -1420.19
-2655.88 -1195.32 -1732.68
-2570.44 -1592.41 -2743.17
-2586.31 -2588.97 -2622.98
-2595.12 -1152.90 -1994.11
-855.06 -1700.40 -1507.62
-1978.56 -1802.47 -1819.87
-1643.64 -1814.29 -2011.82
-2233.37 -1701.30 -1021.56
-1888.83 -1501.91 -1890.74
-1503.22 -2301.28 -2412.84
-2480.53 -2060.91 -2141.93
-2031.23 -2303.96 -1712.75
-1565.49 -1186.95 -2099.52
-1751.69 -1247.32 -1747.87
-1012.19 -1149.48 -1146.98
-1177.47 -1011.72 -1796.40
-293.71 -293.49 -144.57
-1687.99 -285.22 -429.11
-321.84 -1618.88 -2206.44
-311.49 -305.23 -1614.43
-1972.18 -682.00 -32.80
-17.59 -19.10 -424.00
-46.55 -27.80 -27.50
-83.53 -33.86 -357.00
-4.40 -4.40 -0.40
0.42 -6.50 -547.00
-8.39 -10.09 -11.79
-1450.25 -10.40 -401.00
0.00 0.00 0.00
1.00 1.00 -418.00
2.00 2.00 0.00
-71.00 0.00 0.00
-1627.75 -1625.20 -1621.26
-1887.93 -1636.38 -1849.04
-1559.27 -1600.58 -1781.44
-1604.66 -1610.46 -1599.94
-2426.80 -2461.75 -1046.88
-2198.23 -2404.36 -2421.13
-2366.24 -2350.15 -2230.06
-2481.37 -2482.96 -1732.49
-1798.34 -1766.57 -1146.45
-2038.41 -1798.95 -1833.43
-1857.42 -1691.76 -2746.90
-1723.97 -1712.89 -1913.98
-2105.58 -2198.59 -2105.09
-2101.33 -3723.55 -3802.81
-3671.54 -3836.17 -1871.57
-2511.55 -2140.96 -2009.14
-1156.13 -1623.75 -2132.56
-1492.33 -2134.61 -2998.81
-2332.57 -1157.47 -2305.01
-2093.16 -2032.20 -1785.85
-856.99 -1161.75 -2498.27
-656.25 -575.49 -1424.79
-596.80 -2245.47 -910.63
-643.53 -925.15 -2008.11
-2068.14 -613.00 -2173.02
-295.08 -297.70 -295.00
-294.08 -518.00 -1799.85
-140.55 -290.20 -1137.00
-62.00 -62.00 -526.00
-73.00 -72.00 -72.00
-20.00 -177.00 -465.00
-163.00 -5.00 -50.00
-537.00 -3.00 -4.00
-409.00 -266.00 -37.00
-2.00 -3.00 -60.00
-1.00 -3.00 -1.00
-8.00 0.00 0.00
-19.00 -4.00 -53.00
-3.00 -4.00 -31.00
-3.00 -315.00 -9.00
