-2283.46 -2320.58 -2002.17
-2460.63 -2317.82 -2467.84
-2416.03 -2353.65 -2358.41
-2359.71 -2292.40 -2363.28
-2293.71 -2295.35 -2006.07
-2395.46 -2400.65 -2272.52
-2410.23 -2365.85 -2377.43
-2120.99 -2389.08 -1591.50
-1852.26 -2000.52 -2065.99
-2228.07 -2257.58 -1900.35
-2282.80 -2279.73 -2269.17
-2193.74 -2279.21 -1962.46
-1882.20 -2217.40 -2189.13
-2254.51 -2258.46 -2166.64
-2297.07 -2300.71 -2099.56
-2147.70 -2145.14 -1993.54
-2217.09 -2219.89 -2134.82
-2221.66 -2214.54 -1994.09
-2498.10 -2073.91 -2197.96
-2137.31 -2094.90 -2130.53
-2162.47 -2157.79 -2071.57
-2203.48 -2202.96 -2070.64
-2224.07 -2225.05 -2233.20
-2173.26 -2072.49 -1995.16
-2158.63 -2147.20 -1878.24
-2135.33 -2144.52 -2172.35
-2126.30 -2123.13 -2021.40
-2186.58 -2190.74 -1960.21
-1296.46 -1299.79 -1062.53
-1385.83 -1360.54 -1455.87
-1587.64 -1520.57 -2075.23
-1545.67 -1657.53 -1150.05
-1086.16 -1195.95 -1405.78
-1187.97 -1924.14 -1903.83
-1217.55 -1215.82 -1893.29
-1085.91 -2020.02 -1029.13
-1917.49 -2091.00 -1402.46
-1159.02 -1163.34 -1265.53
-1175.83 -1284.75 -982.94
-1037.77 -1119.53 -1215.79
-1268.00 -391.00 -848.00
-85.00 -86.00 -81.00
-334.00 -431.00 -104.00
-810.00 -338.00 -1289.00
-16.00 -682.00 -13.00
-16.00 -11.00 -424.00
-18.00 -17.00 -14.00
-370.00 -32.00 -357.00
1.00 1.00 0.00
1.00 3.00 -547.00
0.00 6.00 3.00
1.00 1.00 -401.00
0.00 0.00 0.00
1.00 1.00 -418.00
2.00 2.00 0.00
-71.00 0.00 0.00
-2202.61 -2224.28 -2214.64
-2208.11 -2211.34 -2207.88
-2165.38 -2254.36 -2261.26
-2188.86 -2235.07 -1593.69
-1873.48 -1866.26 -1907.75
-2008.25 -2037.05 -2038.74
-2270.33 -2260.32 -2289.47
-2185.82 -2235.22 -1930.25
-1807.85 -1163.64 -1170.96
-1179.80 -1296.86 -1240.86
-999.22 -1476.87 -1946.24
-1106.63 -1073.21 -1197.07
-1762.60 -2264.42 -2309.28
-2272.45 -2277.19 -2157.20
-2376.62 -1660.69 -2031.62
-1777.95 -1794.13 -1684.64
-1421.43 -1475.54 -1513.45
-1577.14 -1585.56 -2083.57
-1686.68 -1681.55 -2048.33
-1642.36 -1640.06 -1993.71
-459.29 -691.55 -472.34
-656.25 -444.47 -1039.10
-1780.00 -463.04 -2132.58
-463.04 -450.12 -537.66
-2068.14 -613.00 -1798.35
-295.08 -297.70 -295.00
-294.08 -518.00 -1799.85
-140.55 -290.20 -1137.00
-62.00 -62.00 -526.00
-73.00 -72.00 -72.00
-20.00 -177.00 -465.00
-163.00 -5.00 -50.00
-537.00 -3.00 -4.00
-409.00 -266.00 -37.00
-2.00 -3.00 -60.00
-1.00 -3.00 -1.00
-8.00 0.00 0.00
-19.00 -4.00 -53.00
-3.00 -4.00 -31.00
-3.00 -315.00 -9.00
