-54.45 -51.49 -44.81
-63.46 -63.72 -76.02
-61.40 -62.00 -79.65
-64.06 -61.48 -76.19
-58.50 -57.82 -64.81
-58.83 -58.68 -71.57
-54.73 -54.15 -61.31
-53.33 -53.56 -46.39
-36.90 -36.84 -52.55
-33.92 -33.75 -60.85
-27.48 -26.45 -33.76
-34.30 -33.79 -53.42
-18.55 -19.21 -27.27
-20.27 -22.16 -39.77
-20.00 -20.09 -23.80
-16.13 -16.27 -16.47
-16.63 -16.11 -15.40
-12.52 -12.27 -12.20
-6.64 -8.22 -8.32
-5.05 -4.71 -14.92
-2.86 -1.15 -1.77
-2.08 -2.25 -2.78
-1.98 -2.22 -3.01
-3.51 -3.64 -3.84
-1.08 -1.66 -26.58
-1.12 -0.99 -0.37
-0.32 -0.88 -0.13
-2.34 -2.27 -2.23
-0.91 -0.59 -0.86
-0.72 -0.03 -0.46
-0.61 -0.50 -0.40
-0.74 -0.98 -0.79
-0.16 -0.22 -0.50
-0.25 -0.48 -3.88
-0.96 -0.30 -0.48
-0.85 -0.80 -0.84
-0.52 -0.89 -8.80
-0.89 -1.35 -0.87
-0.88 -0.81 -0.86
-1.12 -0.77 -0.80
-0.78 -1.20 -9.66
-1.55 -0.26 -1.63
-0.91 -0.92 -0.09
-0.49 -0.30 -0.82
27.71 15.47 9.33
-0.04 -0.25 3.23
-0.66 -0.89 6.77
14.52 13.42 2.65
1.40 3.35 40.52
-1.19 -0.34 -13.61
-0.94 -0.84 33.47
0.60 5.75 -2.74
220.88 97.42 48.49
-0.01 100.99 -2.94
46.19 195.86 69.07
200.74 198.16 228.98
-9.08 -10.27 -8.24
-5.89 -7.55 -6.42
-7.38 -8.29 -38.45
-13.13 -13.42 -28.06
-0.74 -0.49 -0.92
-0.88 -0.51 -0.05
-1.18 -1.39 -0.83
-1.30 -1.78 -11.49
-0.87 -0.36 -11.48
-0.35 -0.43 -0.28
-0.91 -0.22 -0.97
-0.97 -1.49 -0.99
-18.35 -78.99 -125.35
-75.97 -79.58 -81.64
-79.46 -63.81 -98.73
-54.02 -59.63 -0.81
-29.17 -46.87 -100.48
-49.44 -55.06 -69.67
-43.19 -58.43 -89.95
-48.57 -39.57 38.30
-21.19 -46.90 -52.42
-42.10 -33.35 -47.10
-19.51 -23.58 -87.58
-32.92 -28.45 45.62
1.25 -22.10 -50.99
-6.10 -11.30 -15.37
-27.26 38.01 -29.96
6.65 2.68 74.28
86.66 85.03 101.66
71.06 64.99 56.25
54.47 66.17 -36.71
79.03 91.12 -85.72
115.99 91.59 166.30
82.35 57.04 41.61
54.71 77.97 63.34
97.29 129.70 33.68
209.48 192.80 199.43
204.60 182.79 78.63
204.35 225.40 131.32
225.74 221.50 236.63
