-27079.00 -27016.00 -26104.00
-26187.00 -26072.00 -26070.00
-25853.00 -26327.00 -26372.00
-25969.00 -26655.00 -26662.00
-2441.00 -2402.00 -1906.00
-2443.00 -2419.00 -2433.00
-2482.00 -2530.00 -2342.00
-2474.00 -2849.00 -2561.00
-2065.00 -2169.00 -2036.00
-2086.00 -2078.00 -1799.00
-2097.00 -1828.00 -1851.00
-2015.00 -1954.00 -2027.00
-1778.00 -1780.00 -1689.00
-1765.00 -1860.00 -1861.00
-1825.00 -1818.00 -1824.00
-1811.00 -1805.00 -1806.00
-1733.00 -1721.00 -1737.00
-1864.00 -1751.00 -1854.00
-1873.00 -1737.00 -1829.00
-1755.00 -1760.00 -1566.00
-2011.00 -1381.00 -1490.00
-1460.00 -1426.00 -1435.00
-1508.00 -1494.00 -1440.00
-1500.00 -1680.00 -966.00
-1554.00 -1597.00 -1547.00
-1550.00 -1531.00 -1543.00
-1578.00 -1563.00 -1595.00
-1619.00 -1558.00 -967.00
-959.00 -751.00 -841.00
-926.00 -972.00 -1504.00
-1172.00 -1828.00 -1624.00
-1016.00 -873.00 -1377.00
-943.00 -934.00 -1653.00
-942.00 -945.00 -1762.00
-693.00 -1254.00 -744.00
-880.00 -863.00 -863.00
-1679.00 -682.00 -1136.00
-1832.00 -696.00 -774.00
-724.00 -1036.00 -819.00
-737.00 -798.00 -1666.00
-1268.00 -391.00 -848.00
-85.00 -86.00 -81.00
-334.00 -431.00 -104.00
-810.00 -338.00 -1289.00
-16.00 -682.00 -13.00
-16.00 -11.00 -424.00
-18.00 -17.00 -14.00
-370.00 -32.00 -357.00
1.00 1.00 0.00
1.00 3.00 -547.00
0.00 6.00 3.00
1.00 1.00 -401.00
0.00 0.00 0.00
1.00 1.00 -418.00
2.00 2.00 0.00
-71.00 0.00 0.00
-1801.00 -1802.00 -1802.00
-1783.00 -1865.00 -1873.00
-1804.00 -1807.00 -1706.00
-1878.00 -1720.00 -1787.00
-1098.00 -1084.00 -750.00
-1071.00 -1083.00 -1090.00
-1029.00 -1100.00 -1395.00
-1073.00 -2530.00 -1761.00
-735.00 -673.00 -846.00
-772.00 -674.00 -681.00
-880.00 -877.00 -905.00
-907.00 -978.00 -1367.00
-2555.00 -2547.00 -2540.00
-2463.00 -2461.00 -2487.00
-2749.00 -2748.00 -2694.00
-2740.00 -2740.00 -2640.00
-1903.00 -1702.00 -1907.00
-1765.00 -1695.00 -2035.00
-1679.00 -1715.00 -2153.00
-2120.00 -2124.00 -1927.00
-382.00 -382.00 -381.00
-1563.00 -429.00 -447.00
-1780.00 -431.00 -428.00
-372.00 -408.00 -928.00
-252.00 -613.00 -574.00
-288.00 -293.00 -277.00
-105.00 -518.00 -501.00
-293.00 -265.00 -1137.00
-62.00 -62.00 -526.00
-73.00 -72.00 -72.00
-20.00 -177.00 -465.00
-163.00 -5.00 -50.00
-537.00 -3.00 -4.00
-409.00 -266.00 -37.00
-2.00 -3.00 -60.00
-1.00 -3.00 -1.00
-8.00 0.00 0.00
-19.00 -4.00 -53.00
-3.00 -4.00 -31.00
-3.00 -315.00 -9.00
