-58.47 -57.20 -40.81
-63.08 -65.58 -82.68
-63.43 -63.11 -78.01
-63.98 -55.83 -79.68
-23.23 -57.94 -53.99
-46.26 -60.67 -82.90
-53.86 -23.92 -60.96
-41.22 -33.96 -17.25
-54.46 -53.86 -45.79
-51.03 -57.04 -83.44
-50.40 -50.94 -46.04
-50.87 -51.06 -76.30
-47.87 -54.63 -48.79
-51.76 -51.98 -97.11
-49.13 -49.37 -49.67
-49.14 -48.99 -48.81
-37.22 -44.64 -87.53
-39.84 -40.25 -99.25
-39.11 -38.74 -40.01
-39.40 -39.62 -28.58
-26.58 -25.15 4.23
-21.60 -29.53 -29.00
-26.11 -24.79 -27.78
-25.82 -24.38 -15.99
17.46 -32.26 -93.97
-22.32 -32.28 -67.32
-26.97 -9.30 -27.45
-16.02 -8.97 23.63
20.06 16.13 40.26
23.45 -4.25 -21.76
-9.83 18.78 -19.46
1.83 36.49 9.94
43.55 29.63 -84.12
42.30 14.91 -56.21
-15.32 47.16 -2.01
47.70 47.40 48.21
56.42 31.64 -93.06
-7.35 50.33 4.74
38.88 57.31 15.81
57.52 59.20 61.05
75.46 8.43 -57.85
-2.20 73.49 3.85
58.31 49.08 -62.49
68.52 63.44 89.40
131.16 83.38 -9.71
19.97 146.40 53.51
149.97 145.57 162.06
127.77 120.51 -76.75
38.12 42.46 74.50
110.61 101.61 55.36
104.28 100.55 196.79
115.16 32.03 -7.13
234.38 143.21 75.05
104.08 207.40 -5.56
191.46 216.77 191.97
247.69 249.84 249.09
-57.20 -56.07 -14.08
-55.85 -55.66 -58.16
-56.89 -57.52 -115.47
-59.36 -41.33 -102.47
-17.48 -18.12 4.47
-23.19 -23.41 -23.72
-29.86 -21.18 -69.93
-21.99 -8.50 -57.12
-11.56 -6.00 44.26
-23.38 -17.81 8.18
-2.79 -32.88 -54.74
-11.94 37.25 -45.70
-24.76 -74.31 -127.10
-58.77 -79.58 -84.71
-79.46 -20.97 -98.73
-39.10 -44.75 -1.68
3.99 -45.81 -104.69
-27.20 -49.87 -69.52
-31.77 -45.78 -89.95
-35.64 -21.83 43.86
-21.83 -46.90 -61.38
-33.52 -3.56 -45.15
-1.74 -13.30 -98.15
-5.09 -23.50 68.29
112.70 -0.62 31.62
30.29 -10.80 -15.37
-27.26 56.98 -29.96
21.23 59.51 92.10
89.01 84.07 180.31
87.37 64.45 50.69
55.01 86.15 -47.58
75.32 144.24 -112.89
125.12 140.98 227.67
110.66 57.04 50.04
68.42 134.43 71.11
113.96 225.91 20.48
257.21 196.95 209.08
236.70 187.06 64.58
213.57 265.41 117.10
263.32 259.49 264.26
