-54.45 -51.43 -38.87
-63.46 -63.72 -76.02
-61.40 -62.00 -79.65
-64.06 -54.96 -79.68
-32.96 -59.17 -55.76
-49.32 -60.67 -71.57
-52.72 -31.95 -59.90
-41.10 -40.70 -28.42
-46.64 -46.36 -43.42
-43.43 -43.75 -60.85
-42.53 -43.32 -42.24
-46.72 -46.98 -59.96
-25.34 -25.24 -27.27
-26.47 -27.02 -39.77
-24.51 -24.50 -26.37
-18.75 -20.02 -18.97
-16.63 -16.11 -15.40
-12.52 -12.27 -26.15
-6.64 -8.22 -8.32
-5.05 -4.71 -14.92
-4.57 -3.95 -3.80
-4.59 -3.97 -4.60
-2.93 -3.23 -3.01
-4.26 -4.50 -4.37
-2.78 -2.44 -35.11
-1.12 -0.99 -0.37
-0.32 -0.88 -0.13
-2.34 -2.99 -2.77
-0.91 -0.59 -0.86
-0.72 -0.03 -0.46
-0.61 -1.22 -0.40
-1.40 -0.98 -1.40
-0.16 -0.22 -0.50
-0.25 -0.48 -3.88
-0.96 -0.30 -0.48
-0.85 -0.80 -0.84
-0.52 -0.89 -8.80
-0.89 -1.35 -0.87
-0.88 -0.81 -0.86
-1.12 -0.77 -0.80
-0.78 -1.20 -9.66
-1.55 -0.26 -1.63
-0.91 -0.92 -0.09
-0.49 -0.30 -0.82
27.71 15.47 9.33
-0.04 -0.25 3.23
-0.66 -0.89 6.77
14.52 13.42 2.65
1.40 3.35 40.52
-1.19 -0.34 -13.61
-0.94 -0.84 33.47
0.60 5.75 -2.74
218.41 97.42 48.49
-0.01 100.99 -2.94
46.19 195.86 69.07
200.74 198.16 239.78
-9.08 -10.27 -9.24
-7.04 -7.55 -9.26
-11.39 -11.02 -38.45
-15.08 -15.03 -28.06
-0.74 -1.25 -0.92
-0.88 -0.51 -1.15
-1.18 -1.39 -12.86
-2.04 -1.78 -11.49
-0.87 -0.36 -11.48
-0.35 -0.43 -0.28
-0.91 -0.89 -0.97
-1.49 -1.49 -15.96
-38.30 -78.99 -125.35
-67.89 -79.58 -84.71
-79.46 -22.28 -98.73
-40.52 -51.41 -28.46
-15.18 -46.87 -100.48
-38.65 -55.06 -69.67
-21.53 -58.43 -89.95
-38.22 -25.04 3.60
-9.92 -46.90 -52.42
-42.10 -16.95 -47.10
0.07 -23.58 -87.58
-12.61 -23.35 60.41
13.79 -20.44 -50.99
11.34 -10.80 -15.37
-27.26 52.91 -29.96
12.14 3.64 96.18
81.78 88.33 123.05
73.48 64.99 56.25
55.01 76.19 -36.71
74.03 124.17 -103.44
116.07 111.02 199.88
85.17 57.04 41.61
54.71 88.37 63.34
99.35 157.62 33.68
234.15 192.41 198.98
203.09 182.79 78.63
204.35 229.19 131.32
224.76 215.61 252.51
