-58.47 -53.63 -44.56
-65.54 -65.58 -76.02
-63.43 -62.78 -78.01
-63.98 -57.84 -79.68
-31.37 -57.94 -53.99
-48.93 -60.67 -68.68
-52.72 -33.12 -59.90
-41.22 -37.52 -9.71
-46.64 -46.36 -41.58
-45.69 -45.92 -60.85
-45.80 -45.79 -48.12
-47.60 -47.71 -59.96
-28.06 -27.27 -27.48
-31.12 -36.93 -47.63
-28.35 -28.70 -30.91
-25.36 -26.64 -24.98
-23.48 -23.93 -44.26
-23.02 -23.60 -42.07
-20.03 -20.19 -19.83
-17.29 -17.77 -18.10
-16.43 -17.52 -16.20
-19.05 -19.79 -19.41
-18.61 -19.52 -19.37
-13.33 -14.13 -14.48
-30.05 -30.39 -41.90
-31.93 -34.65 -60.29
-26.97 -26.62 -27.45
-24.40 -24.41 -17.50
15.78 6.46 56.82
6.87 -5.56 -18.59
-12.91 8.17 -19.46
-0.17 25.01 -15.28
76.51 20.30 -53.68
32.64 5.56 -42.34
-15.32 54.27 -9.71
56.14 57.58 93.98
82.16 26.73 -54.48
-7.35 46.78 4.74
29.47 59.09 10.13
56.10 58.09 118.99
66.58 8.43 -40.06
-2.20 73.28 -2.82
53.76 101.99 -26.31
78.85 51.28 149.00
138.09 71.28 -9.71
19.97 162.24 38.29
165.71 166.23 212.72
180.40 115.97 -30.14
38.12 37.05 106.74
106.29 87.12 55.36
89.34 83.00 256.25
105.85 26.76 7.49
275.75 131.45 48.49
132.40 202.30 -16.33
182.49 297.12 240.20
293.20 285.05 339.33
-18.37 -18.72 -17.97
-21.01 -21.95 -21.37
-25.32 -25.57 -46.58
-24.15 -24.49 -39.69
-21.65 -21.84 -11.69
-21.97 -21.33 -19.80
-29.12 -29.78 -58.67
-29.40 -27.10 -34.08
-17.10 -13.91 41.71
-24.87 -17.81 8.27
-4.35 -32.88 -54.74
-11.94 14.93 -57.85
-37.07 -75.21 -127.10
-60.26 -79.58 -84.71
-79.46 -24.40 -98.73
-39.67 -51.03 19.81
-8.00 -45.81 -100.48
-31.32 -49.87 -69.52
-31.39 -55.62 -89.95
-35.68 -24.19 46.91
-21.83 -46.90 -61.38
-33.52 -2.87 -46.43
3.63 -20.87 -93.12
-5.43 -23.50 75.06
157.61 -0.62 42.85
11.00 -10.80 -15.37
-27.26 56.06 -29.96
15.29 4.12 80.20
84.97 85.11 123.41
69.54 64.45 59.96
55.01 82.36 -36.71
76.31 95.24 -103.44
106.28 140.98 289.29
110.66 57.04 50.04
68.42 134.43 71.11
113.96 230.48 39.01
270.87 196.95 201.42
236.62 187.06 64.58
213.57 293.51 117.10
264.19 267.59 334.38
