-2933.15 -2928.88 -2934.47
-2916.16 -2960.67 -3024.34
-2876.58 -3105.15 -2903.11
-3042.63 -3055.29 -2958.89
-2298.86 -2216.25 -2385.52
-2455.06 -2449.40 -2395.94
-2446.13 -2451.77 -2355.54
-2263.82 -2160.89 -2390.04
-2383.93 -2373.47 -2343.30
-2394.68 -2401.59 -2296.20
-2403.22 -2408.02 -2399.34
-2401.98 -2395.16 -2390.99
-2045.44 -2349.99 -2430.34
-2380.36 -2384.50 -1957.32
-1924.52 -2431.58 -1875.95
-2182.78 -2182.76 -1831.89
-1918.60 -1913.22 -1913.13
-1925.51 -1892.56 -1915.38
-1951.71 -1951.93 -2147.04
-1982.26 -2000.50 -1675.61
-2027.34 -1923.28 -1880.49
-2206.65 -2093.90 -2087.78
-2102.07 -1956.52 -2101.40
-1958.73 -1932.14 -1778.56
-1585.47 -1899.94 -1963.17
-1867.97 -1774.20 -2237.71
-1998.08 -1785.61 -1811.46
-2595.12 -1899.70 -1587.53
-1700.94 -1718.73 -1835.77
-1875.19 -1851.89 -2163.68
-1692.53 -1905.81 -1920.24
-1683.95 -1658.33 -2221.00
-2187.18 -1739.92 -1535.65
-1993.71 -1489.02 -2114.30
-2167.91 -1436.22 -1940.89
-2031.23 -1473.18 -1594.62
-1565.49 -1256.44 -2099.52
-1315.10 -1259.20 -1680.26
-1271.43 -1764.04 -1339.09
-1837.08 -1222.42 -1331.71
-293.71 -293.49 -144.57
-1687.99 -285.22 -429.11
-321.84 -1618.88 -2206.44
-311.49 -305.23 -1614.43
-1972.18 -682.00 -32.80
-17.59 -19.10 -424.00
-46.55 -27.80 -27.50
-83.53 -33.86 -357.00
-4.40 -4.40 -0.40
0.42 -6.50 -547.00
-8.39 -10.09 -11.79
-1450.25 -10.40 -401.00
0.00 0.00 0.00
1.00 1.00 -418.00
2.00 2.00 0.00
-71.00 0.00 0.00
-2027.65 -1808.56 -2048.29
-2158.98 -2157.77 -2218.66
-2209.12 -2469.70 -2192.29
-2182.97 -2182.18 -2206.72
-1828.36 -2176.28 -2241.32
-1821.10 -2404.36 -2421.13
-2291.87 -2350.15 -2220.47
-1946.59 -1774.14 -1812.20
-1803.74 -1564.88 -1838.46
-2038.41 -1613.73 -1629.52
-1857.42 -1961.31 -1960.19
-1753.96 -1539.36 -2082.39
-2429.11 -2299.24 -2308.07
-2510.75 -2318.94 -2509.69
-2551.56 -2557.27 -2407.44
-2439.74 -2254.36 -2246.37
-2025.34 -2073.06 -2035.33
-2023.24 -2184.05 -2025.38
-2095.70 -2082.53 -2109.78
-2102.80 -2237.54 -2105.94
-1260.89 -1081.88 -1934.53
-1080.48 -1745.99 -770.66
-676.16 -1370.49 -718.08
-1072.04 -1113.46 -1925.15
-2068.14 -613.00 -2173.02
-295.08 -297.70 -295.00
-294.08 -518.00 -1799.85
-140.55 -290.20 -1137.00
-62.00 -62.00 -526.00
-73.00 -72.00 -72.00
-20.00 -177.00 -465.00
-163.00 -5.00 -50.00
-537.00 -3.00 -4.00
-409.00 -266.00 -37.00
-2.00 -3.00 -60.00
-1.00 -3.00 -1.00
-8.00 0.00 0.00
-19.00 -4.00 -53.00
-3.00 -4.00 -31.00
-3.00 -315.00 -9.00
