-66.00 -64.00 -43.00
-66.00 -66.00 -93.00
-36.00 -44.00 -48.00
-48.00 -40.00 -44.00
-10.00 -8.00 -8.00
-5.00 -2.00 -47.00
-1.00 -2.00 -5.00
-6.00 -9.00 -2.00
-4.00 -5.00 -70.00
0.00 1.00 0.00
2.00 1.00 8.00
0.00 -4.00 0.00
2.00 -2.00 2.00
0.00 0.00 -53.00
3.00 -1.00 3.00
0.00 0.00 -1.00
0.00 1.00 1.00
1.00 3.00 2.00
0.00 6.00 2.00
4.00 6.00 7.00
7.00 6.00 9.00
9.00 8.00 0.00
6.00 3.00 3.00
8.00 0.00 1.00
8.00 7.00 3.00
9.00 7.00 9.00
4.00 7.00 0.00
1.00 3.00 7.00
4.00 7.00 8.00
6.00 9.00 5.00
2.00 7.00 5.00
2.00 3.00 7.00
3.00 4.00 7.00
2.00 6.00 7.00
6.00 0.00 0.00
5.00 3.00 2.00
2.00 6.00 3.00
5.00 2.00 1.00
5.00 3.00 3.00
2.00 0.00 6.00
8.00 6.00 1.00
3.00 1.00 6.00
8.00 0.00 5.00
2.00 4.00 7.00
8.00 7.00 9.00
6.00 9.00 1.00
4.00 2.00 9.00
3.00 2.00 2.00
1.00 0.00 3.00
3.00 6.00 0.00
1.00 7.00 3.00
0.00 0.00 4.00
8.00 5.00 3.00
1.00 7.00 9.00
0.00 6.00 3.00
3.00 3.00 5.00
5.00 3.00 4.00
2.00 8.00 6.00
4.00 5.00 -48.00
2.00 6.00 3.00
3.00 5.00 7.00
0.00 3.00 1.00
2.00 7.00 2.00
9.00 6.00 9.00
3.00 1.00 4.00
3.00 5.00 9.00
3.00 7.00 9.00
8.00 4.00 0.00
0.00 1.00 6.00
0.00 0.00 -1.00
-2.00 0.00 -52.00
0.00 2.00 3.00
3.00 8.00 6.00
0.00 4.00 5.00
8.00 5.00 2.00
8.00 2.00 8.00
5.00 1.00 2.00
0.00 3.00 4.00
9.00 3.00 9.00
9.00 4.00 9.00
5.00 4.00 9.00
3.00 4.00 8.00
9.00 4.00 5.00
5.00 4.00 6.00
4.00 7.00 4.00
2.00 8.00 0.00
0.00 9.00 8.00
6.00 2.00 5.00
6.00 3.00 4.00
6.00 0.00 3.00
0.00 8.00 5.00
4.00 8.00 0.00
5.00 2.00 8.00
9.00 3.00 8.00
4.00 8.00 3.00
9.00 4.00 6.00
