1763.84 1076.87 1221.03
7.00 5.00 7.00
3.00 0.00 2.00
0.00 0.00 -11.00
5.00 6.00 4.00
3.00 3.00 8.00
6.00 2.00 4.00
5.00 2.00 6.00
1.00 5.00 1.00
3.00 4.00 3.00
0.00 6.00 3.00
3.00 4.00 1.00
5.00 3.00 4.00
8.00 5.00 -11.00
6.00 2.00 0.00
6.00 5.00 2.00
4.00 6.00 0.00
6.00 1.00 8.00
1.00 5.00 3.00
3.00 3.00 2.00
1.00 4.00 8.00
6.00 3.00 0.00
7.00 2.00 6.00
3.00 5.00 0.00
6.00 1.00 8.00
8.00 3.00 9.00
9.00 0.00 2.00
6.00 5.00 5.00
6.00 2.00 3.00
7.00 1.00 9.00
3.00 2.00 9.00
7.00 0.00 5.00
7.00 4.00 7.00
3.00 9.00 9.00
4.00 8.00 9.00
6.00 5.00 2.00
8.00 5.00 9.00
7.00 7.00 3.00
3.00 4.00 3.00
5.00 0.00 0.00
9.00 5.00 1.00
9.00 2.00 8.00
0.00 9.00 1.00
8.00 0.00 1.00
5.00 5.00 2.00
7.00 4.00 2.00
0.00 1.00 2.00
6.00 3.00 5.00
7.00 6.00 7.00
1.00 1.00 -29.00
3.00 3.00 3.00
1.00 0.00 -15.00
496.37 0.00 -9.00
2.00 11.00 -8.00
8.00 4.00 49.00
1.00 1.00 1036.02
0.00 9.00 5.00
0.00 3.00 3.00
0.00 4.00 4.00
0.00 2.00 1.00
5.00 5.00 8.00
1.00 8.00 5.00
9.00 0.00 1.00
6.00 4.00 2.00
0.00 4.00 2.00
7.00 3.00 9.00
1.00 5.00 9.00
3.00 0.00 9.00
0.00 0.00 14.54
5.16 7.00 6.00
3.00 6.00 1.00
0.00 9.00 7.00
5.00 4.00 264.89
4.00 1.00 3.32
4.00 6.00 2.00
5.00 1.00 3.00
8.00 7.00 0.00
5.00 5.00 252.70
2.00 7.00 9.00
1.00 7.00 5.00
2.00 5.00 7.00
0.00 0.00 45.24
7.44 0.00 0.00
1.00 6.00 7.00
0.00 5.00 8.00
24.00 21.00 1.00
3.00 4.00 1733.38
1559.84 0.00 544.57
-1.47 1890.16 755.79
-0.80 514.03 1545.23
0.00 0.00 798.31
1542.42 978.55 1774.70
2036.58 893.90 652.46
57.00 1600.62 2.00
795.24 1688.93 687.54
1789.10 1789.22 2112.65
